Epoch: 0, Loss: 0.2871709167957306
Epoch: 1, Loss: 0.04790503904223442
Epoch: 2, Loss: 0.08481109142303467
Accuracy: 0.9157